{
 "cells": [
  {
   "cell_type": "code",
   "execution_count": 88,
   "metadata": {
    "scrolled": true
   },
   "outputs": [],
   "source": [
    "from gensim.models import Word2Vec\n",
    "import utils\n",
    "import re \n",
    "from nltk.tokenize import sent_tokenize\n",
    "import numpy as np\n",
    "import pandas as pd\n",
    "import networkx as nx\n",
    "import matplotlib.pyplot as plt \n",
    "%matplotlib inline\n",
    "plt.rcParams[\"figure.figsize\"] = (13,13) \n",
    "import seaborn as sns\n",
    "sns.set_style(\"darkgrid\")\n",
    "\n",
    "from sklearn.decomposition import PCA\n",
    "from sklearn.manifold import TSNE"
   ]
  },
  {
   "cell_type": "code",
   "execution_count": 159,
   "metadata": {},
   "outputs": [],
   "source": [
    "bigram_model = Word2Vec.load(\"trained_model/Bigram_wiki_corpus_1.model\")\n",
    "pos_tag_model = Word2Vec.load(\"trained_model/POS_TAG_wiki_corpus.model\")"
   ]
  },
  {
   "cell_type": "code",
   "execution_count": 160,
   "metadata": {},
   "outputs": [],
   "source": [
    "fname = \"textrank_data/Neo_Nazism.txt\"\n",
    "with open(fname, 'r', encoding='utf_8') as f:\n",
    "    data = f.read()\n",
    "sentences = sent_tokenize(data)\n",
    "sentences = list(re.sub(\"[^A-Za-z']+\", ' ', str(row)).lower() for row in sentences)"
   ]
  },
  {
   "cell_type": "code",
   "execution_count": 161,
   "metadata": {},
   "outputs": [],
   "source": [
    "bigram_sentences = []\n",
    "pos_tag_sentences = []\n",
    "for sent in sentences:\n",
    "    bigram_sentences.append(utils.sent2Bigram(utils.clean_not_remain_tag(sent)))\n",
    "    pos_tag_sentences.append(utils.clean_remain_tag(sent))"
   ]
  },
  {
   "cell_type": "code",
   "execution_count": 162,
   "metadata": {},
   "outputs": [
    {
     "name": "stdout",
     "output_type": "stream",
     "text": [
      "11 11\n",
      "[['b_neo', 'neo_nazism', 'nazism_consist', 'consist_post', 'post_world', 'world_war', 'war_militant', 'militant_social', 'social_political', 'political_movement', 'movement_seek', 'seek_revive', 'revive_implement', 'implement_ideology', 'ideology_nazism', 'nazism_e'], ['b_neo', 'neo_nazi', 'nazi_seek', 'seek_employ', 'employ_ideology', 'ideology_promote', 'promote_hatred', 'hatred_attack', 'attack_minority', 'minority_case', 'case_create', 'create_fascist', 'fascist_political', 'political_state', 'state_e'], ['b_global', 'global_phenomenon', 'phenomenon_organize', 'organize_representation', 'representation_many', 'many_country', 'country_international', 'international_network', 'network_e']]\n",
      "[['neo_a', 'nazism_n', 'consist_v', 'post_n', 'world_n', 'war_n', 'militant_a', 'social_a', 'political_a', 'movement_n', 'seek_v', 'revive_v', 'implement_v', 'ideology_n', 'nazism_n'], ['neo_a', 'nazi_n', 'seek_n', 'employ_v', 'ideology_n', 'promote_v', 'hatred_a', 'attack_a', 'minority_n', 'case_n', 'create_v', 'fascist_a', 'political_a', 'state_n'], ['global_a', 'phenomenon_n', 'organize_v', 'representation_n', 'many_a', 'country_n', 'international_a', 'network_n']]\n"
     ]
    }
   ],
   "source": [
    "print(len(bigram_sentences), len(pos_tag_sentences))\n",
    "print(bigram_sentences[:3])\n",
    "print(pos_tag_sentences[:3])"
   ]
  },
  {
   "cell_type": "code",
   "execution_count": 164,
   "metadata": {},
   "outputs": [
    {
     "data": {
      "text/plain": [
       "(6081, 15600)"
      ]
     },
     "execution_count": 164,
     "metadata": {},
     "output_type": "execute_result"
    }
   ],
   "source": [
    "# Train bigram\n",
    "bigram_model.build_vocab(bigram_sentences, min_count=1, update = True)\n",
    "bigram_model.train(bigram_sentences, total_examples=bigram_model.corpus_count, epochs=100)\n",
    "# Train pos_tag\n",
    "pos_tag_model.build_vocab(pos_tag_sentences, min_count=1, update = True)\n",
    "pos_tag_model.train(pos_tag_sentences, total_examples = pos_tag_model.corpus_count, epochs=100)"
   ]
  },
  {
   "cell_type": "code",
   "execution_count": 165,
   "metadata": {},
   "outputs": [],
   "source": [
    "bigram_sent_vectors = []\n",
    "pos_tag_sent_vectors = []\n",
    "#Bigram\n",
    "for sent in bigram_sentences:\n",
    "    sent_vector = np.zeros(shape=bigram_model.vector_size)\n",
    "    n = 0\n",
    "    for i, word in enumerate(sent):\n",
    "        if word in bigram_model.wv.vocab:\n",
    "            n += 1\n",
    "            sent_vector += bigram_model.wv[word]\n",
    "    bigram_sent_vectors.append(sent_vector / n)\n",
    "    \n",
    "# POS_TAG\n",
    "for sent in pos_tag_sentences:\n",
    "    sent_vector = np.zeros(shape=bigram_model.vector_size)\n",
    "    n = 0\n",
    "    for i, word in enumerate(sent):\n",
    "        if word in pos_tag_model.wv.vocab:\n",
    "            n += 1\n",
    "            sent_vector += pos_tag_model.wv[word]\n",
    "    pos_tag_sent_vectors.append(sent_vector / n)"
   ]
  },
  {
   "cell_type": "code",
   "execution_count": 166,
   "metadata": {},
   "outputs": [
    {
     "name": "stdout",
     "output_type": "stream",
     "text": [
      "[ 3.36445864e-01  6.99841397e-01 -1.46856344e-01  1.85141463e-01\n",
      "  3.05896961e-01 -9.05827529e-02 -5.69412048e-01 -2.16751557e-01\n",
      "  1.96271595e-02  8.75992330e-02  1.30519700e-01  1.70205265e-01\n",
      "  7.09586247e-02  6.12496730e-02  3.60688212e-01  4.75306453e-01\n",
      " -3.75839302e-02  1.13448064e-01  3.18934707e-01  3.82330065e-01\n",
      " -2.74932360e-02  5.47729534e-01  1.13102679e+00  7.41750712e-01\n",
      " -2.34882532e-01  1.39080487e-02  9.59546683e-01 -5.07335087e-01\n",
      "  5.55801204e-01 -4.86489446e-01 -1.15461682e-01 -1.16210613e-01\n",
      "  3.24256474e-01 -2.91878935e-01 -1.61420389e-01 -1.45337247e-01\n",
      " -3.94624771e-01  5.77685056e-01  3.89399017e-01 -5.31684787e-01\n",
      " -7.14573232e-03 -1.16241527e-01 -6.00567977e-01  4.02105024e-01\n",
      "  2.25612143e-01  6.10738205e-01  1.34465743e-01 -2.01950536e-01\n",
      " -8.32453603e-01 -2.71419373e-01 -4.87395480e-01  7.75295714e-01\n",
      "  5.54627206e-01 -2.20034477e-01 -1.24479740e-01 -1.12104312e-01\n",
      " -2.07362301e-02  2.95776897e-01  7.61809599e-01 -7.49256113e-02\n",
      "  2.76755490e-01  1.46919300e-01 -2.61638861e-01  2.59042731e-01\n",
      " -3.52447871e-01 -5.32156722e-01  5.41531879e-01 -5.95851693e-01\n",
      " -7.99201604e-01  1.32783187e-02 -4.12765621e-02  4.12059703e-02\n",
      " -5.92707600e-01 -2.96171083e-02 -2.43053352e-02  3.89759665e-01\n",
      "  4.32063039e-01  1.31030265e-01  7.33598733e-01  4.52089503e-02\n",
      " -4.17001522e-02  6.85328997e-01 -3.26218353e-01  4.96090770e-02\n",
      "  1.00604982e-01  2.29842703e-01 -9.46402231e-01  5.17863126e-01\n",
      "  1.26850578e-01 -1.88419239e-02 -2.39884490e-01 -2.42262546e-01\n",
      "  1.91799347e-01  4.29071260e-01  9.46267698e-01  1.50631021e-01\n",
      "  1.21265263e-02  3.29253767e-02  6.00905801e-01  1.39338588e-02\n",
      " -5.57716061e-01 -4.90340739e-01  6.67237267e-01  6.34034482e-01\n",
      "  2.03446145e-02  4.07823094e-01 -1.04872031e-01 -6.50937526e-02\n",
      "  4.64028183e-01 -8.69609867e-02 -1.27847368e-01 -7.54635867e-02\n",
      " -3.53962321e-01 -5.44138463e-01  1.51150410e-02  6.34943338e-01\n",
      " -4.22730204e-02 -6.52547573e-01 -1.36311498e-01 -7.81461485e-01\n",
      "  1.61809447e-01 -3.38693085e-01 -1.57282303e-01  4.84313442e-01\n",
      "  3.21207386e-01  3.24880904e-02 -4.55047326e-01  1.85338841e-02\n",
      "  1.13929839e-01 -4.16136202e-01 -1.91893844e-01 -1.36244821e-01\n",
      "  7.08103785e-01  5.94719093e-01 -2.20575991e-01  2.91046815e-01\n",
      " -7.14228221e-01  2.71764617e-02  3.09510450e-02 -3.04617008e-01\n",
      "  2.42709969e-01 -7.43670948e-03  6.54695941e-04  3.62057532e-02\n",
      "  3.14758225e-02  8.75587136e-02 -5.78534028e-01 -1.52731610e-01\n",
      "  2.21535326e-01  3.26460838e-01  2.69045342e-01  4.90142542e-02\n",
      "  6.94908982e-02 -1.06646772e-03  2.18464065e-01 -2.62007364e-02\n",
      "  2.70723006e-01 -1.55236496e-01 -5.11302962e-01 -1.44496651e-01\n",
      "  2.37988449e-02  1.01477698e-01  3.11414957e-01  5.51754280e-01\n",
      " -2.79522420e-01  2.97975320e-01  7.07262903e-01  2.74014244e-01\n",
      "  1.64306982e-02 -1.34123560e-01  1.22259029e-01  3.18936745e-01\n",
      "  4.44922056e-01 -4.57351492e-01  6.99394643e-01 -6.07217596e-02\n",
      " -1.86854585e-01 -6.85836951e-03 -4.81390380e-01 -1.14375153e-02\n",
      "  9.15117761e-02  1.12818917e-01  1.51365466e-01  1.49761971e-01\n",
      " -1.36446716e-01  6.27386675e-03 -2.33480950e-01  5.62557948e-01\n",
      " -7.67123201e-02  3.25484003e-01 -2.48907551e-02 -6.90642647e-01\n",
      "  1.70424198e-01 -2.82055866e-01 -1.37143332e-01  1.10263123e-01\n",
      " -3.06645862e-01  3.64396264e-01 -1.70381989e-01 -1.03904130e+00]\n"
     ]
    }
   ],
   "source": [
    "print(bigram_sent_vectors[0])"
   ]
  },
  {
   "cell_type": "code",
   "execution_count": 167,
   "metadata": {},
   "outputs": [],
   "source": [
    "n = len(bigram_sentences) \n",
    "#Bigram\n",
    "G_bigram = nx.Graph()\n",
    "G_bigram.add_nodes_from(range(n))\n",
    "\n",
    "#POS_TAG\n",
    "G_pos_tag = nx.Graph()\n",
    "G_pos_tag.add_nodes_from(range(n))"
   ]
  },
  {
   "cell_type": "code",
   "execution_count": 168,
   "metadata": {},
   "outputs": [],
   "source": [
    "A_bigram = np.empty(shape=(n,n))\n",
    "A_pos_tag = np.empty(shape=(n,n))\n",
    "threshold = 0.7\n",
    "for ix,iy in np.ndindex(A_bigram.shape):\n",
    "    if ix == iy:\n",
    "        A_bigram[ix, iy] = 0.0\n",
    "        A_pos_tag[ix,iy] = 0.0\n",
    "    else:\n",
    "        #Bigram\n",
    "        vA = bigram_sent_vectors[ix]\n",
    "        vB = bigram_sent_vectors[iy]\n",
    "        A_bigram[ix, iy] = np.dot(vA, vB) / (np.sqrt(np.dot(vA,vA)) * np.sqrt(np.dot(vB,vB)))\n",
    "        if A_bigram[ix, iy] > threshold:\n",
    "            G_bigram.add_weighted_edges_from([(ix, iy, round(A_bigram[ix, iy], 3))])\n",
    "        #POS_TAG\n",
    "        vA = pos_tag_sent_vectors[ix]\n",
    "        vB = pos_tag_sent_vectors[iy]\n",
    "        A_pos_tag[ix, iy] = np.dot(vA, vB) / (np.sqrt(np.dot(vA,vA)) * np.sqrt(np.dot(vB,vB)))\n",
    "        if A_pos_tag[ix, iy] > threshold:\n",
    "            G_pos_tag.add_weighted_edges_from([(ix, iy, round(A_pos_tag[ix, iy], 3))])"
   ]
  },
  {
   "cell_type": "code",
   "execution_count": 169,
   "metadata": {},
   "outputs": [
    {
     "data": {
      "text/html": [
       "<div>\n",
       "<style scoped>\n",
       "    .dataframe tbody tr th:only-of-type {\n",
       "        vertical-align: middle;\n",
       "    }\n",
       "\n",
       "    .dataframe tbody tr th {\n",
       "        vertical-align: top;\n",
       "    }\n",
       "\n",
       "    .dataframe thead th {\n",
       "        text-align: right;\n",
       "    }\n",
       "</style>\n",
       "<table border=\"1\" class=\"dataframe\">\n",
       "  <thead>\n",
       "    <tr style=\"text-align: right;\">\n",
       "      <th></th>\n",
       "      <th>0</th>\n",
       "      <th>1</th>\n",
       "      <th>2</th>\n",
       "      <th>3</th>\n",
       "      <th>4</th>\n",
       "      <th>5</th>\n",
       "      <th>6</th>\n",
       "      <th>7</th>\n",
       "      <th>8</th>\n",
       "      <th>9</th>\n",
       "      <th>10</th>\n",
       "    </tr>\n",
       "  </thead>\n",
       "  <tbody>\n",
       "    <tr>\n",
       "      <td>0</td>\n",
       "      <td>0.000000</td>\n",
       "      <td>0.655340</td>\n",
       "      <td>0.514806</td>\n",
       "      <td>0.761393</td>\n",
       "      <td>0.805819</td>\n",
       "      <td>0.679076</td>\n",
       "      <td>0.611067</td>\n",
       "      <td>0.961536</td>\n",
       "      <td>0.717718</td>\n",
       "      <td>0.805819</td>\n",
       "      <td>0.755012</td>\n",
       "    </tr>\n",
       "    <tr>\n",
       "      <td>1</td>\n",
       "      <td>0.655340</td>\n",
       "      <td>0.000000</td>\n",
       "      <td>0.627384</td>\n",
       "      <td>0.852554</td>\n",
       "      <td>0.760102</td>\n",
       "      <td>0.729117</td>\n",
       "      <td>0.674474</td>\n",
       "      <td>0.675807</td>\n",
       "      <td>0.805628</td>\n",
       "      <td>0.760102</td>\n",
       "      <td>0.733413</td>\n",
       "    </tr>\n",
       "    <tr>\n",
       "      <td>2</td>\n",
       "      <td>0.514806</td>\n",
       "      <td>0.627384</td>\n",
       "      <td>0.000000</td>\n",
       "      <td>0.628717</td>\n",
       "      <td>0.544512</td>\n",
       "      <td>0.691549</td>\n",
       "      <td>0.718848</td>\n",
       "      <td>0.554205</td>\n",
       "      <td>0.600294</td>\n",
       "      <td>0.544512</td>\n",
       "      <td>0.495442</td>\n",
       "    </tr>\n",
       "    <tr>\n",
       "      <td>3</td>\n",
       "      <td>0.761393</td>\n",
       "      <td>0.852554</td>\n",
       "      <td>0.628717</td>\n",
       "      <td>0.000000</td>\n",
       "      <td>0.887204</td>\n",
       "      <td>0.769714</td>\n",
       "      <td>0.685853</td>\n",
       "      <td>0.780885</td>\n",
       "      <td>0.947851</td>\n",
       "      <td>0.887204</td>\n",
       "      <td>0.817090</td>\n",
       "    </tr>\n",
       "    <tr>\n",
       "      <td>4</td>\n",
       "      <td>0.805819</td>\n",
       "      <td>0.760102</td>\n",
       "      <td>0.544512</td>\n",
       "      <td>0.887204</td>\n",
       "      <td>0.000000</td>\n",
       "      <td>0.756745</td>\n",
       "      <td>0.637151</td>\n",
       "      <td>0.776583</td>\n",
       "      <td>0.802528</td>\n",
       "      <td>1.000000</td>\n",
       "      <td>0.842120</td>\n",
       "    </tr>\n",
       "    <tr>\n",
       "      <td>5</td>\n",
       "      <td>0.679076</td>\n",
       "      <td>0.729117</td>\n",
       "      <td>0.691549</td>\n",
       "      <td>0.769714</td>\n",
       "      <td>0.756745</td>\n",
       "      <td>0.000000</td>\n",
       "      <td>0.758833</td>\n",
       "      <td>0.681821</td>\n",
       "      <td>0.726773</td>\n",
       "      <td>0.756745</td>\n",
       "      <td>0.758893</td>\n",
       "    </tr>\n",
       "    <tr>\n",
       "      <td>6</td>\n",
       "      <td>0.611067</td>\n",
       "      <td>0.674474</td>\n",
       "      <td>0.718848</td>\n",
       "      <td>0.685853</td>\n",
       "      <td>0.637151</td>\n",
       "      <td>0.758833</td>\n",
       "      <td>0.000000</td>\n",
       "      <td>0.609776</td>\n",
       "      <td>0.624487</td>\n",
       "      <td>0.637151</td>\n",
       "      <td>0.590461</td>\n",
       "    </tr>\n",
       "    <tr>\n",
       "      <td>7</td>\n",
       "      <td>0.961536</td>\n",
       "      <td>0.675807</td>\n",
       "      <td>0.554205</td>\n",
       "      <td>0.780885</td>\n",
       "      <td>0.776583</td>\n",
       "      <td>0.681821</td>\n",
       "      <td>0.609776</td>\n",
       "      <td>0.000000</td>\n",
       "      <td>0.803906</td>\n",
       "      <td>0.776583</td>\n",
       "      <td>0.754037</td>\n",
       "    </tr>\n",
       "    <tr>\n",
       "      <td>8</td>\n",
       "      <td>0.717718</td>\n",
       "      <td>0.805628</td>\n",
       "      <td>0.600294</td>\n",
       "      <td>0.947851</td>\n",
       "      <td>0.802528</td>\n",
       "      <td>0.726773</td>\n",
       "      <td>0.624487</td>\n",
       "      <td>0.803906</td>\n",
       "      <td>0.000000</td>\n",
       "      <td>0.802528</td>\n",
       "      <td>0.774854</td>\n",
       "    </tr>\n",
       "    <tr>\n",
       "      <td>9</td>\n",
       "      <td>0.805819</td>\n",
       "      <td>0.760102</td>\n",
       "      <td>0.544512</td>\n",
       "      <td>0.887204</td>\n",
       "      <td>1.000000</td>\n",
       "      <td>0.756745</td>\n",
       "      <td>0.637151</td>\n",
       "      <td>0.776583</td>\n",
       "      <td>0.802528</td>\n",
       "      <td>0.000000</td>\n",
       "      <td>0.842120</td>\n",
       "    </tr>\n",
       "    <tr>\n",
       "      <td>10</td>\n",
       "      <td>0.755012</td>\n",
       "      <td>0.733413</td>\n",
       "      <td>0.495442</td>\n",
       "      <td>0.817090</td>\n",
       "      <td>0.842120</td>\n",
       "      <td>0.758893</td>\n",
       "      <td>0.590461</td>\n",
       "      <td>0.754037</td>\n",
       "      <td>0.774854</td>\n",
       "      <td>0.842120</td>\n",
       "      <td>0.000000</td>\n",
       "    </tr>\n",
       "  </tbody>\n",
       "</table>\n",
       "</div>"
      ],
      "text/plain": [
       "           0         1         2         3         4         5         6  \\\n",
       "0   0.000000  0.655340  0.514806  0.761393  0.805819  0.679076  0.611067   \n",
       "1   0.655340  0.000000  0.627384  0.852554  0.760102  0.729117  0.674474   \n",
       "2   0.514806  0.627384  0.000000  0.628717  0.544512  0.691549  0.718848   \n",
       "3   0.761393  0.852554  0.628717  0.000000  0.887204  0.769714  0.685853   \n",
       "4   0.805819  0.760102  0.544512  0.887204  0.000000  0.756745  0.637151   \n",
       "5   0.679076  0.729117  0.691549  0.769714  0.756745  0.000000  0.758833   \n",
       "6   0.611067  0.674474  0.718848  0.685853  0.637151  0.758833  0.000000   \n",
       "7   0.961536  0.675807  0.554205  0.780885  0.776583  0.681821  0.609776   \n",
       "8   0.717718  0.805628  0.600294  0.947851  0.802528  0.726773  0.624487   \n",
       "9   0.805819  0.760102  0.544512  0.887204  1.000000  0.756745  0.637151   \n",
       "10  0.755012  0.733413  0.495442  0.817090  0.842120  0.758893  0.590461   \n",
       "\n",
       "           7         8         9        10  \n",
       "0   0.961536  0.717718  0.805819  0.755012  \n",
       "1   0.675807  0.805628  0.760102  0.733413  \n",
       "2   0.554205  0.600294  0.544512  0.495442  \n",
       "3   0.780885  0.947851  0.887204  0.817090  \n",
       "4   0.776583  0.802528  1.000000  0.842120  \n",
       "5   0.681821  0.726773  0.756745  0.758893  \n",
       "6   0.609776  0.624487  0.637151  0.590461  \n",
       "7   0.000000  0.803906  0.776583  0.754037  \n",
       "8   0.803906  0.000000  0.802528  0.774854  \n",
       "9   0.776583  0.802528  0.000000  0.842120  \n",
       "10  0.754037  0.774854  0.842120  0.000000  "
      ]
     },
     "execution_count": 169,
     "metadata": {},
     "output_type": "execute_result"
    }
   ],
   "source": [
    "pd.DataFrame(A_bigram).head(n)"
   ]
  },
  {
   "cell_type": "code",
   "execution_count": 170,
   "metadata": {},
   "outputs": [
    {
     "data": {
      "text/html": [
       "<div>\n",
       "<style scoped>\n",
       "    .dataframe tbody tr th:only-of-type {\n",
       "        vertical-align: middle;\n",
       "    }\n",
       "\n",
       "    .dataframe tbody tr th {\n",
       "        vertical-align: top;\n",
       "    }\n",
       "\n",
       "    .dataframe thead th {\n",
       "        text-align: right;\n",
       "    }\n",
       "</style>\n",
       "<table border=\"1\" class=\"dataframe\">\n",
       "  <thead>\n",
       "    <tr style=\"text-align: right;\">\n",
       "      <th></th>\n",
       "      <th>0</th>\n",
       "      <th>1</th>\n",
       "      <th>2</th>\n",
       "      <th>3</th>\n",
       "      <th>4</th>\n",
       "      <th>5</th>\n",
       "      <th>6</th>\n",
       "      <th>7</th>\n",
       "      <th>8</th>\n",
       "      <th>9</th>\n",
       "      <th>10</th>\n",
       "    </tr>\n",
       "  </thead>\n",
       "  <tbody>\n",
       "    <tr>\n",
       "      <td>0</td>\n",
       "      <td>0.000000</td>\n",
       "      <td>0.827751</td>\n",
       "      <td>0.503872</td>\n",
       "      <td>0.729764</td>\n",
       "      <td>0.499076</td>\n",
       "      <td>0.669206</td>\n",
       "      <td>0.648312</td>\n",
       "      <td>0.938697</td>\n",
       "      <td>0.779859</td>\n",
       "      <td>0.499076</td>\n",
       "      <td>0.630452</td>\n",
       "    </tr>\n",
       "    <tr>\n",
       "      <td>1</td>\n",
       "      <td>0.827751</td>\n",
       "      <td>0.000000</td>\n",
       "      <td>0.493113</td>\n",
       "      <td>0.715311</td>\n",
       "      <td>0.555610</td>\n",
       "      <td>0.704093</td>\n",
       "      <td>0.649362</td>\n",
       "      <td>0.780314</td>\n",
       "      <td>0.745901</td>\n",
       "      <td>0.555610</td>\n",
       "      <td>0.608829</td>\n",
       "    </tr>\n",
       "    <tr>\n",
       "      <td>2</td>\n",
       "      <td>0.503872</td>\n",
       "      <td>0.493113</td>\n",
       "      <td>0.000000</td>\n",
       "      <td>0.292015</td>\n",
       "      <td>0.272066</td>\n",
       "      <td>0.460847</td>\n",
       "      <td>0.657266</td>\n",
       "      <td>0.515052</td>\n",
       "      <td>0.403457</td>\n",
       "      <td>0.272066</td>\n",
       "      <td>0.369197</td>\n",
       "    </tr>\n",
       "    <tr>\n",
       "      <td>3</td>\n",
       "      <td>0.729764</td>\n",
       "      <td>0.715311</td>\n",
       "      <td>0.292015</td>\n",
       "      <td>0.000000</td>\n",
       "      <td>0.595389</td>\n",
       "      <td>0.748911</td>\n",
       "      <td>0.615272</td>\n",
       "      <td>0.713994</td>\n",
       "      <td>0.917955</td>\n",
       "      <td>0.595389</td>\n",
       "      <td>0.564621</td>\n",
       "    </tr>\n",
       "    <tr>\n",
       "      <td>4</td>\n",
       "      <td>0.499076</td>\n",
       "      <td>0.555610</td>\n",
       "      <td>0.272066</td>\n",
       "      <td>0.595389</td>\n",
       "      <td>0.000000</td>\n",
       "      <td>0.532011</td>\n",
       "      <td>0.539856</td>\n",
       "      <td>0.529932</td>\n",
       "      <td>0.628232</td>\n",
       "      <td>1.000000</td>\n",
       "      <td>0.446375</td>\n",
       "    </tr>\n",
       "    <tr>\n",
       "      <td>5</td>\n",
       "      <td>0.669206</td>\n",
       "      <td>0.704093</td>\n",
       "      <td>0.460847</td>\n",
       "      <td>0.748911</td>\n",
       "      <td>0.532011</td>\n",
       "      <td>0.000000</td>\n",
       "      <td>0.747010</td>\n",
       "      <td>0.681183</td>\n",
       "      <td>0.753945</td>\n",
       "      <td>0.532011</td>\n",
       "      <td>0.578297</td>\n",
       "    </tr>\n",
       "    <tr>\n",
       "      <td>6</td>\n",
       "      <td>0.648312</td>\n",
       "      <td>0.649362</td>\n",
       "      <td>0.657266</td>\n",
       "      <td>0.615272</td>\n",
       "      <td>0.539856</td>\n",
       "      <td>0.747010</td>\n",
       "      <td>0.000000</td>\n",
       "      <td>0.660019</td>\n",
       "      <td>0.683258</td>\n",
       "      <td>0.539856</td>\n",
       "      <td>0.532271</td>\n",
       "    </tr>\n",
       "    <tr>\n",
       "      <td>7</td>\n",
       "      <td>0.938697</td>\n",
       "      <td>0.780314</td>\n",
       "      <td>0.515052</td>\n",
       "      <td>0.713994</td>\n",
       "      <td>0.529932</td>\n",
       "      <td>0.681183</td>\n",
       "      <td>0.660019</td>\n",
       "      <td>0.000000</td>\n",
       "      <td>0.830178</td>\n",
       "      <td>0.529932</td>\n",
       "      <td>0.673810</td>\n",
       "    </tr>\n",
       "    <tr>\n",
       "      <td>8</td>\n",
       "      <td>0.779859</td>\n",
       "      <td>0.745901</td>\n",
       "      <td>0.403457</td>\n",
       "      <td>0.917955</td>\n",
       "      <td>0.628232</td>\n",
       "      <td>0.753945</td>\n",
       "      <td>0.683258</td>\n",
       "      <td>0.830178</td>\n",
       "      <td>0.000000</td>\n",
       "      <td>0.628232</td>\n",
       "      <td>0.686895</td>\n",
       "    </tr>\n",
       "    <tr>\n",
       "      <td>9</td>\n",
       "      <td>0.499076</td>\n",
       "      <td>0.555610</td>\n",
       "      <td>0.272066</td>\n",
       "      <td>0.595389</td>\n",
       "      <td>1.000000</td>\n",
       "      <td>0.532011</td>\n",
       "      <td>0.539856</td>\n",
       "      <td>0.529932</td>\n",
       "      <td>0.628232</td>\n",
       "      <td>0.000000</td>\n",
       "      <td>0.446375</td>\n",
       "    </tr>\n",
       "    <tr>\n",
       "      <td>10</td>\n",
       "      <td>0.630452</td>\n",
       "      <td>0.608829</td>\n",
       "      <td>0.369197</td>\n",
       "      <td>0.564621</td>\n",
       "      <td>0.446375</td>\n",
       "      <td>0.578297</td>\n",
       "      <td>0.532271</td>\n",
       "      <td>0.673810</td>\n",
       "      <td>0.686895</td>\n",
       "      <td>0.446375</td>\n",
       "      <td>0.000000</td>\n",
       "    </tr>\n",
       "  </tbody>\n",
       "</table>\n",
       "</div>"
      ],
      "text/plain": [
       "           0         1         2         3         4         5         6  \\\n",
       "0   0.000000  0.827751  0.503872  0.729764  0.499076  0.669206  0.648312   \n",
       "1   0.827751  0.000000  0.493113  0.715311  0.555610  0.704093  0.649362   \n",
       "2   0.503872  0.493113  0.000000  0.292015  0.272066  0.460847  0.657266   \n",
       "3   0.729764  0.715311  0.292015  0.000000  0.595389  0.748911  0.615272   \n",
       "4   0.499076  0.555610  0.272066  0.595389  0.000000  0.532011  0.539856   \n",
       "5   0.669206  0.704093  0.460847  0.748911  0.532011  0.000000  0.747010   \n",
       "6   0.648312  0.649362  0.657266  0.615272  0.539856  0.747010  0.000000   \n",
       "7   0.938697  0.780314  0.515052  0.713994  0.529932  0.681183  0.660019   \n",
       "8   0.779859  0.745901  0.403457  0.917955  0.628232  0.753945  0.683258   \n",
       "9   0.499076  0.555610  0.272066  0.595389  1.000000  0.532011  0.539856   \n",
       "10  0.630452  0.608829  0.369197  0.564621  0.446375  0.578297  0.532271   \n",
       "\n",
       "           7         8         9        10  \n",
       "0   0.938697  0.779859  0.499076  0.630452  \n",
       "1   0.780314  0.745901  0.555610  0.608829  \n",
       "2   0.515052  0.403457  0.272066  0.369197  \n",
       "3   0.713994  0.917955  0.595389  0.564621  \n",
       "4   0.529932  0.628232  1.000000  0.446375  \n",
       "5   0.681183  0.753945  0.532011  0.578297  \n",
       "6   0.660019  0.683258  0.539856  0.532271  \n",
       "7   0.000000  0.830178  0.529932  0.673810  \n",
       "8   0.830178  0.000000  0.628232  0.686895  \n",
       "9   0.529932  0.628232  0.000000  0.446375  \n",
       "10  0.673810  0.686895  0.446375  0.000000  "
      ]
     },
     "execution_count": 170,
     "metadata": {},
     "output_type": "execute_result"
    }
   ],
   "source": [
    "pd.DataFrame(A_pos_tag).head(n)"
   ]
  },
  {
   "cell_type": "code",
   "execution_count": 171,
   "metadata": {},
   "outputs": [
    {
     "data": {
      "text/html": [
       "<div>\n",
       "<style scoped>\n",
       "    .dataframe tbody tr th:only-of-type {\n",
       "        vertical-align: middle;\n",
       "    }\n",
       "\n",
       "    .dataframe tbody tr th {\n",
       "        vertical-align: top;\n",
       "    }\n",
       "\n",
       "    .dataframe thead th {\n",
       "        text-align: right;\n",
       "    }\n",
       "</style>\n",
       "<table border=\"1\" class=\"dataframe\">\n",
       "  <thead>\n",
       "    <tr style=\"text-align: right;\">\n",
       "      <th></th>\n",
       "      <th>0</th>\n",
       "      <th>1</th>\n",
       "      <th>2</th>\n",
       "      <th>3</th>\n",
       "      <th>4</th>\n",
       "      <th>5</th>\n",
       "      <th>6</th>\n",
       "      <th>7</th>\n",
       "      <th>8</th>\n",
       "      <th>9</th>\n",
       "      <th>10</th>\n",
       "    </tr>\n",
       "  </thead>\n",
       "  <tbody>\n",
       "    <tr>\n",
       "      <td>0</td>\n",
       "      <td>0.000000</td>\n",
       "      <td>0.940633</td>\n",
       "      <td>0.759282</td>\n",
       "      <td>0.935520</td>\n",
       "      <td>0.902730</td>\n",
       "      <td>0.893840</td>\n",
       "      <td>0.863217</td>\n",
       "      <td>0.997642</td>\n",
       "      <td>0.937858</td>\n",
       "      <td>0.902730</td>\n",
       "      <td>0.909465</td>\n",
       "    </tr>\n",
       "    <tr>\n",
       "      <td>1</td>\n",
       "      <td>0.940633</td>\n",
       "      <td>0.000000</td>\n",
       "      <td>0.811126</td>\n",
       "      <td>0.958024</td>\n",
       "      <td>0.893392</td>\n",
       "      <td>0.919844</td>\n",
       "      <td>0.885858</td>\n",
       "      <td>0.928779</td>\n",
       "      <td>0.950610</td>\n",
       "      <td>0.893392</td>\n",
       "      <td>0.895719</td>\n",
       "    </tr>\n",
       "    <tr>\n",
       "      <td>2</td>\n",
       "      <td>0.759282</td>\n",
       "      <td>0.811126</td>\n",
       "      <td>0.000000</td>\n",
       "      <td>0.737137</td>\n",
       "      <td>0.668435</td>\n",
       "      <td>0.833698</td>\n",
       "      <td>0.903640</td>\n",
       "      <td>0.783813</td>\n",
       "      <td>0.761558</td>\n",
       "      <td>0.668435</td>\n",
       "      <td>0.681723</td>\n",
       "    </tr>\n",
       "    <tr>\n",
       "      <td>3</td>\n",
       "      <td>0.935520</td>\n",
       "      <td>0.958024</td>\n",
       "      <td>0.737137</td>\n",
       "      <td>0.000000</td>\n",
       "      <td>0.954362</td>\n",
       "      <td>0.942178</td>\n",
       "      <td>0.879139</td>\n",
       "      <td>0.937332</td>\n",
       "      <td>0.995721</td>\n",
       "      <td>0.954362</td>\n",
       "      <td>0.920365</td>\n",
       "    </tr>\n",
       "    <tr>\n",
       "      <td>4</td>\n",
       "      <td>0.902730</td>\n",
       "      <td>0.893392</td>\n",
       "      <td>0.668435</td>\n",
       "      <td>0.954362</td>\n",
       "      <td>0.000000</td>\n",
       "      <td>0.886159</td>\n",
       "      <td>0.833037</td>\n",
       "      <td>0.894979</td>\n",
       "      <td>0.926586</td>\n",
       "      <td>1.000000</td>\n",
       "      <td>0.912594</td>\n",
       "    </tr>\n",
       "    <tr>\n",
       "      <td>5</td>\n",
       "      <td>0.893840</td>\n",
       "      <td>0.919844</td>\n",
       "      <td>0.833698</td>\n",
       "      <td>0.942178</td>\n",
       "      <td>0.886159</td>\n",
       "      <td>0.000000</td>\n",
       "      <td>0.938987</td>\n",
       "      <td>0.898559</td>\n",
       "      <td>0.932771</td>\n",
       "      <td>0.886159</td>\n",
       "      <td>0.898325</td>\n",
       "    </tr>\n",
       "    <tr>\n",
       "      <td>6</td>\n",
       "      <td>0.863217</td>\n",
       "      <td>0.885858</td>\n",
       "      <td>0.903640</td>\n",
       "      <td>0.879139</td>\n",
       "      <td>0.833037</td>\n",
       "      <td>0.938987</td>\n",
       "      <td>0.000000</td>\n",
       "      <td>0.867331</td>\n",
       "      <td>0.881059</td>\n",
       "      <td>0.833037</td>\n",
       "      <td>0.808447</td>\n",
       "    </tr>\n",
       "    <tr>\n",
       "      <td>7</td>\n",
       "      <td>0.997642</td>\n",
       "      <td>0.928779</td>\n",
       "      <td>0.783813</td>\n",
       "      <td>0.937332</td>\n",
       "      <td>0.894979</td>\n",
       "      <td>0.898559</td>\n",
       "      <td>0.867331</td>\n",
       "      <td>0.000000</td>\n",
       "      <td>0.966699</td>\n",
       "      <td>0.894979</td>\n",
       "      <td>0.919769</td>\n",
       "    </tr>\n",
       "    <tr>\n",
       "      <td>8</td>\n",
       "      <td>0.937858</td>\n",
       "      <td>0.950610</td>\n",
       "      <td>0.761558</td>\n",
       "      <td>0.995721</td>\n",
       "      <td>0.926586</td>\n",
       "      <td>0.932771</td>\n",
       "      <td>0.881059</td>\n",
       "      <td>0.966699</td>\n",
       "      <td>0.000000</td>\n",
       "      <td>0.926586</td>\n",
       "      <td>0.929506</td>\n",
       "    </tr>\n",
       "    <tr>\n",
       "      <td>9</td>\n",
       "      <td>0.902730</td>\n",
       "      <td>0.893392</td>\n",
       "      <td>0.668435</td>\n",
       "      <td>0.954362</td>\n",
       "      <td>1.000000</td>\n",
       "      <td>0.886159</td>\n",
       "      <td>0.833037</td>\n",
       "      <td>0.894979</td>\n",
       "      <td>0.926586</td>\n",
       "      <td>0.000000</td>\n",
       "      <td>0.912594</td>\n",
       "    </tr>\n",
       "    <tr>\n",
       "      <td>10</td>\n",
       "      <td>0.909465</td>\n",
       "      <td>0.895719</td>\n",
       "      <td>0.681723</td>\n",
       "      <td>0.920365</td>\n",
       "      <td>0.912594</td>\n",
       "      <td>0.898325</td>\n",
       "      <td>0.808447</td>\n",
       "      <td>0.919769</td>\n",
       "      <td>0.929506</td>\n",
       "      <td>0.912594</td>\n",
       "      <td>0.000000</td>\n",
       "    </tr>\n",
       "  </tbody>\n",
       "</table>\n",
       "</div>"
      ],
      "text/plain": [
       "           0         1         2         3         4         5         6  \\\n",
       "0   0.000000  0.940633  0.759282  0.935520  0.902730  0.893840  0.863217   \n",
       "1   0.940633  0.000000  0.811126  0.958024  0.893392  0.919844  0.885858   \n",
       "2   0.759282  0.811126  0.000000  0.737137  0.668435  0.833698  0.903640   \n",
       "3   0.935520  0.958024  0.737137  0.000000  0.954362  0.942178  0.879139   \n",
       "4   0.902730  0.893392  0.668435  0.954362  0.000000  0.886159  0.833037   \n",
       "5   0.893840  0.919844  0.833698  0.942178  0.886159  0.000000  0.938987   \n",
       "6   0.863217  0.885858  0.903640  0.879139  0.833037  0.938987  0.000000   \n",
       "7   0.997642  0.928779  0.783813  0.937332  0.894979  0.898559  0.867331   \n",
       "8   0.937858  0.950610  0.761558  0.995721  0.926586  0.932771  0.881059   \n",
       "9   0.902730  0.893392  0.668435  0.954362  1.000000  0.886159  0.833037   \n",
       "10  0.909465  0.895719  0.681723  0.920365  0.912594  0.898325  0.808447   \n",
       "\n",
       "           7         8         9        10  \n",
       "0   0.997642  0.937858  0.902730  0.909465  \n",
       "1   0.928779  0.950610  0.893392  0.895719  \n",
       "2   0.783813  0.761558  0.668435  0.681723  \n",
       "3   0.937332  0.995721  0.954362  0.920365  \n",
       "4   0.894979  0.926586  1.000000  0.912594  \n",
       "5   0.898559  0.932771  0.886159  0.898325  \n",
       "6   0.867331  0.881059  0.833037  0.808447  \n",
       "7   0.000000  0.966699  0.894979  0.919769  \n",
       "8   0.966699  0.000000  0.926586  0.929506  \n",
       "9   0.894979  0.926586  0.000000  0.912594  \n",
       "10  0.919769  0.929506  0.912594  0.000000  "
      ]
     },
     "execution_count": 171,
     "metadata": {},
     "output_type": "execute_result"
    }
   ],
   "source": [
    "A = 1 - (1-A_bigram)*(1-A_pos_tag)\n",
    "pd.DataFrame(A).head(n)"
   ]
  },
  {
   "cell_type": "code",
   "execution_count": 172,
   "metadata": {},
   "outputs": [
    {
     "name": "stdout",
     "output_type": "stream",
     "text": [
      "[]\n",
      "[2, 10]\n"
     ]
    }
   ],
   "source": [
    "#Bigram\n",
    "bigram_isolates_nodes = list(nx.isolates(G_bigram))\n",
    "print(bigram_isolates_nodes)\n",
    "#G_bigram.remove_nodes_from(bigram_isolates_nodes)\n",
    "\n",
    "#POS_TAG\n",
    "pos_tag_isolates_nodes = list(nx.isolates(G_pos_tag))\n",
    "print(pos_tag_isolates_nodes)\n",
    "#G_pos_tag.remove_nodes_from(pos_tag_isolates_nodes)"
   ]
  },
  {
   "cell_type": "code",
   "execution_count": 173,
   "metadata": {},
   "outputs": [
    {
     "data": {
